timestep 0.000000 
     0   1.00000000 
     1   0.00000000 
     2   0.00000000 
     3   0.00000000 
     4   0.00000000 
     5   0.00000000 
     6   0.00000000 
timestep 0.010000 
     0   0.99940017 
     1   0.00059932 
     2   0.00000135 
     3   0.00000000 
     4   0.00000000 
     5   0.00000000 
     6   0.00000000 
timestep 0.020000 
     0   0.99461685 
     1   0.00534877 
     2   0.00005347 
     3   0.00000058 
     4   0.00000001 
     5   0.00000000 
     6   0.00000000 
timestep 0.030000 
     0   0.97867335 
     1   0.02086439 
     2   0.00058801 
     3   0.00001664 
     4   0.00000043 
     5   0.00000001 
     6   0.00000000 
timestep 0.040000 
     0   0.94205840 
     1   0.05489020 
     2   0.00344294 
     3   0.00020414 
     4   0.00001062 
     5   0.00000043 
     6   0.00000001 
timestep 0.050000 
     0   0.87496424 
     1   0.11185413 
     2   0.01344480 
     3   0.00145746 
     4   0.00013447 
     5   0.00000936 
     6   0.00000037 
timestep 0.060000 
     0   0.77127913 
     1   0.18646464 
     2   0.03864240 
     3   0.00697667 
     4   0.00105017 
     5   0.00011779 
     6   0.00000739 
timestep 0.070000 
     0   0.63343177 
     1   0.25944096 
     2   0.08553008 
     3   0.02400807 
     4   0.00555510 
     5   0.00095340 
     6   0.00009153 
timestep 0.080000 
     0   0.47529168 
     1   0.30216508 
     2   0.14844917 
     3   0.06137981 
     4   0.02088981 
     5   0.00530002 
     6   0.00075976 
timestep 0.090000 
     0   0.31962306 
     1   0.29279944 
     2   0.20257682 
     3   0.11792432 
     4   0.05705562 
     5   0.02093787 
     6   0.00444803 
timestep 0.100000 
     0   0.18937850 
     1   0.23371845 
     2   0.21601953 
     3   0.16985711 
     4   0.11355590 
     5   0.05956127 
     6   0.01895286 
timestep 0.110000 
     0   0.09763862 
     1   0.15225027 
     2   0.17829783 
     3   0.18148388 
     4   0.16299280 
     5   0.12150007 
     6   0.05992767 
timestep 0.120000 
     0   0.04357013 
     1   0.08061494 
     2   0.11312482 
     3   0.14199816 
     4   0.16536908 
     5   0.17357631 
     6   0.14235851 
timestep 0.130000 
     0   0.01688799 
     1   0.03488894 
     2   0.05533823 
     3   0.08087972 
     4   0.11639128 
     5   0.16405691 
     6   0.25635592 
timestep 0.140000 
     0   0.00575642 
     1   0.01254882 
     2   0.02130574 
     3   0.03367511 
     4   0.05854897 
     5   0.08871292 
     6   0.35303643 
timestep 0.150000 
     0   0.00176198 
     1   0.00381126 
     2   0.00691796 
     3   0.00955350 
     4   0.02686314 
     5   0.01533917 
     6   0.37603841 
timestep 0.160000 
     0   0.00051581 
     1   0.00087608 
     2   0.00263704 
     3   0.00065296 
     4   0.02035755 
     5   0.00315324 
     6   0.31477808 
timestep 0.170000 
     0   0.00021676 
     1   0.00001520 
     2   0.00275020 
     3   0.00214493 
     4   0.02920620 
     5   0.03430116 
     6   0.21154747 
timestep 0.180000 
     0   0.00039056 
     1   0.00083570 
     2   0.00720205 
     3   0.01417452 
     4   0.04453444 
     5   0.05732427 
     6   0.11715942 
timestep 0.190000 
     0   0.00206023 
     1   0.00572391 
     2   0.01855279 
     3   0.03095221 
     4   0.05248653 
     5   0.05277012 
     6   0.05518868 
timestep 0.200000 
     0   0.01000939 
     1   0.01594410 
     2   0.03455495 
     3   0.03871808 
     4   0.04704366 
     5   0.03313578 
     6   0.02346201 
timestep 0.210000 
     0   0.03350570 
     1   0.02418155 
     2   0.04826363 
     3   0.02974187 
     4   0.03621627 
     5   0.01360027 
     6   0.01101364 
timestep 0.220000 
     0   0.07708552 
     1   0.02005548 
     2   0.05643136 
     3   0.01185754 
     4   0.02959184 
     5   0.00177647 
     6   0.00933863 
timestep 0.230000 
     0   0.12663087 
     1   0.00734585 
     2   0.06008850 
     3   0.00064367 
     4   0.02988176 
     5   0.00112893 
     6   0.01719910 
timestep 0.240000 
     0   0.15457079 
     1   0.00014635 
     2   0.05917153 
     3   0.00257828 
     4   0.03464460 
     5   0.00851593 
     6   0.03942135 
timestep 0.250000 
     0   0.14563595 
     1   0.00239351 
     2   0.05267044 
     3   0.00900620 
     4   0.03953541 
     5   0.01242621 
     6   0.07434986 
timestep 0.260000 
     0   0.11057842 
     1   0.00608482 
     2   0.04268156 
     3   0.00918457 
     4   0.04193586 
     5   0.00710690 
     6   0.10413902 
timestep 0.270000 
     0   0.07264101 
     1   0.00515660 
     2   0.03403154 
     3   0.00362353 
     4   0.04213383 
     5   0.00081511 
     6   0.10968000 
timestep 0.280000 
     0   0.04767189 
     1   0.00159487 
     2   0.03008338 
     3   0.00008171 
     4   0.04111051 
     5   0.00061556 
     6   0.09178862 
timestep 0.290000 
     0   0.03881614 
     1   0.00000009 
     2   0.03123875 
     3   0.00100615 
     4   0.03954248 
     5   0.00257529 
     6   0.06777155 
timestep 0.300000 
     0   0.04342989 
     1   0.00076198 
     2   0.03587566 
     3   0.00196474 
     4   0.03828559 
     5   0.00181180 
     6   0.05251165 
timestep 0.310000 
     0   0.05713696 
     1   0.00104863 
     2   0.04096421 
     3   0.00083108 
     4   0.03802732 
     5   0.00017738 
     6   0.05015455 
timestep 0.320000 
     0   0.07154418 
     1   0.00030388 
     2   0.04335280 
     3   0.00000323 
     4   0.03861353 
     5   0.00018957 
     6   0.05768853 
timestep 0.330000 
     0   0.07727005 
     1   0.00000639 
     2   0.04213272 
     3   0.00026705 
     4   0.03929248 
     5   0.00047060 
     6   0.06765422 
timestep 0.340000 
     0   0.07278391 
     1   0.00016810 
     2   0.03929099 
     3   0.00025858 
     4   0.03948742 
     5   0.00012171 
     6   0.07188244 
timestep 0.350000 
     0   0.06502226 
     1   0.00009664 
     2   0.03748392 
     3   0.00001524 
     4   0.03922230 
     5   0.00001377 
     6   0.06886387 
timestep 0.360000 
     0   0.06097155 
     1   0.00000022 
     2   0.03772306 
     3   0.00003822 
     4   0.03892700 
     5   0.00008070 
     6   0.06409250 
timestep 0.370000 
     0   0.06215618 
     1   0.00002530 
     2   0.03903700 
     3   0.00004018 
     4   0.03891346 
     5   0.00001449 
     6   0.06257719 
timestep 0.380000 
     0   0.06539291 
     1   0.00001142 
     2   0.03979597 
     3   0.00000019 
     4   0.03908940 
     5   0.00000708 
     6   0.06432774 
timestep 0.390000 
     0   0.06678712 
     1   0.00000060 
     2   0.03946276 
     3   0.00000960 
     4   0.03917966 
     5   0.00001057 
     6   0.06608342 
timestep 0.400000 
     0   0.06574974 
     1   0.00000411 
     2   0.03886742 
     3   0.00000222 
     4   0.03910431 
     5   0.00000002 
     6   0.06584482 
timestep 0.410000 
     0   0.06456594 
     1   0.00000010 
     2   0.03881435 
     3   0.00000122 
     4   0.03902088 
     5   0.00000286 
     6   0.06482557 
timestep 0.420000 
     0   0.06469153 
     1   0.00000082 
     2   0.03912308 
     3   0.00000098 
     4   0.03904602 
     5   0.00000006 
     6   0.06472804 
timestep 0.430000 
     0   0.06532229 
     1   0.00000008 
     2   0.03921258 
     3   0.00000020 
     4   0.03910505 
     5   0.00000072 
     6   0.06526328 
timestep 0.440000 
     0   0.06534056 
     1   0.00000019 
     2   0.03905332 
     3   0.00000027 
     4   0.03909680 
     5   0.00000002 
     6   0.06532779 
timestep 0.450000 
     0   0.06501770 
     1   0.00000001 
     2   0.03900740 
     3   0.00000008 
     4   0.03905731 
     5   0.00000023 
     6   0.06502006 
timestep 0.460000 
     0   0.06503792 
     1   0.00000006 
     2   0.03910216 
     3   0.00000006 
     4   0.03906352 
     5   0.00000000 
     6   0.06503741 
timestep 0.470000 
     0   0.06521012 
     1   0.00000000 
     2   0.03910598 
     3   0.00000006 
     4   0.03909050 
     5   0.00000008 
     6   0.06522210 
timestep 0.480000 
     0   0.06514368 
     1   0.00000002 
     2   0.03904729 
     3   0.00000000 
     4   0.03908117 
     5   0.00000002 
     6   0.06514228 
timestep 0.490000 
     0   0.06506616 
     1   0.00000001 
     2   0.03907207 
     3   0.00000003 
     4   0.03906303 
     5   0.00000002 
     6   0.06505259 
timestep 0.500000 
     0   0.06515146 
     1   0.00000000 
     2   0.03909783 
     3   0.00000000 
     4   0.03907691 
     5   0.00000003 
     6   0.06515986 
timestep 0.510000 
     0   0.06515218 
     1   0.00000001 
     2   0.03906213 
     3   0.00000001 
     4   0.03908622 
     5   0.00000000 
     6   0.06515993 
timestep 0.520000 
     0   0.06508655 
     1   0.00000000 
     2   0.03907009 
     3   0.00000002 
     4   0.03906868 
     5   0.00000001 
     6   0.06507341 
timestep 0.530000 
     0   0.06514041 
     1   0.00000000 
     2   0.03909311 
     3   0.00000000 
     4   0.03907096 
     5   0.00000001 
     6   0.06514336 
timestep 0.540000 
     0   0.06514804 
     1   0.00000001 
     2   0.03906311 
     3   0.00000001 
     4   0.03908703 
     5   0.00000000 
     6   0.06515798 
timestep 0.550000 
     0   0.06509040 
     1   0.00000000 
     2   0.03907334 
     3   0.00000001 
     4   0.03907098 
     5   0.00000001 
     6   0.06507825 
timestep 0.560000 
     0   0.06514618 
     1   0.00000000 
     2   0.03909226 
     3   0.00000000 
     4   0.03906821 
     5   0.00000001 
     6   0.06514855 
timestep 0.570000 
     0   0.06513983 
     1   0.00000001 
     2   0.03905724 
     3   0.00000001 
     4   0.03909013 
     5   0.00000000 
     6   0.06514991 
timestep 0.580000 
     0   0.06508714 
     1   0.00000000 
     2   0.03908255 
     3   0.00000002 
     4   0.03906791 
     5   0.00000001 
     6   0.06507270 
timestep 0.590000 
     0   0.06516569 
     1   0.00000000 
     2   0.03908874 
     3   0.00000001 
     4   0.03906790 
     5   0.00000003 
     6   0.06517253 
timestep 0.600000 
     0   0.06511584 
     1   0.00000001 
     2   0.03904749 
     3   0.00000000 
     4   0.03909788 
     5   0.00000001 
     6   0.06512372 
timestep 0.610000 
     0   0.06509356 
     1   0.00000002 
     2   0.03910471 
     3   0.00000002 
     4   0.03905347 
     5   0.00000000 
     6   0.06507384 
timestep 0.620000 
     0   0.06519397 
     1   0.00000001 
     2   0.03906590 
     3   0.00000004 
     4   0.03908002 
     5   0.00000003 
     6   0.06521368 
timestep 0.630000 
     0   0.06505543 
     1   0.00000000 
     2   0.03905249 
     3   0.00000002 
     4   0.03910245 
     5   0.00000008 
     6   0.06505061 
timestep 0.640000 
     0   0.06515849 
     1   0.00000002 
     2   0.03913345 
     3   0.00000000 
     4   0.03902154 
     5   0.00000006 
     6   0.06513884 
timestep 0.650000 
     0   0.06516969 
     1   0.00000007 
     2   0.03900113 
     3   0.00000005 
     4   0.03913565 
     5   0.00000000 
     6   0.06521148 
timestep 0.660000 
     0   0.06499521 
     1   0.00000011 
     2   0.03913459 
     3   0.00000017 
     4   0.03904772 
     5   0.00000007 
     6   0.06494808 
timestep 0.670000 
     0   0.06532245 
     1   0.00000005 
     2   0.03907444 
     3   0.00000022 
     4   0.03903278 
     5   0.00000036 
     6   0.06534754 
timestep 0.680000 
     0   0.06492844 
     1   0.00000000 
     2   0.03898401 
     3   0.00000012 
     4   0.03921494 
     5   0.00000065 
     6   0.06495478 
timestep 0.690000 
     0   0.06523451 
     1   0.00000027 
     2   0.03927638 
     3   0.00000000 
     4   0.03884952 
     5   0.00000054 
     6   0.06513825 
timestep 0.700000 
     0   0.06521081 
     1   0.00000108 
     2   0.03878814 
     3   0.00000029 
     4   0.03933649 
     5   0.00000008 
     6   0.06537167 
timestep 0.710000 
     0   0.06476550 
     1   0.00000206 
     2   0.03938779 
     3   0.00000133 
     4   0.03888564 
     5   0.00000033 
     6   0.06457951 
timestep 0.720000 
     0   0.06580408 
     1   0.00000219 
     2   0.03885082 
     3   0.00000296 
     4   0.03905479 
     5   0.00000299 
     6   0.06594414 
timestep 0.730000 
     0   0.06417401 
     1   0.00000087 
     2   0.03907519 
     3   0.00000435 
     4   0.03946321 
     5   0.00000881 
     6   0.06418210 
timestep 0.740000 
     0   0.06624743 
     1   0.00000013 
     2   0.03944761 
     3   0.00000449 
     4   0.03820400 
     5   0.00001572 
     6   0.06598254 
timestep 0.750000 
     0   0.06405734 
     1   0.00000576 
     2   0.03822975 
     3   0.00000300 
     4   0.04050142 
     5   0.00001881 
     6   0.06465697 
timestep 0.760000 
     0   0.06589017 
     1   0.00002489 
     2   0.04044985 
     3   0.00000078 
     4   0.03723400 
     5   0.00001386 
     6   0.06491576 
timestep 0.770000 
     0   0.06498547 
     1   0.00005881 
     2   0.03730542 
     3   0.00000019 
     4   0.04116637 
     5   0.00000349 
     6   0.06626993 
timestep 0.780000 
     0   0.06432960 
     1   0.00009590 
     2   0.04111383 
     3   0.00000504 
     4   0.03725836 
     5   0.00000163 
     6   0.06293559 
timestep 0.790000 
     0   0.06719361 
     1   0.00011386 
     2   0.03716664 
     3   0.00002134 
     4   0.04015367 
     5   0.00003030 
     6   0.06846723 
timestep 0.800000 
     0   0.06157834 
     1   0.00009641 
     2   0.04064078 
     3   0.00005917 
     4   0.03932170 
     5   0.00010664 
     6   0.06089245 
timestep 0.810000 
     0   0.07065679 
     1   0.00005273 
     2   0.03809134 
     3   0.00013426 
     4   0.03716787 
     5   0.00022683 
     6   0.07042310 
timestep 0.820000 
     0   0.05787426 
     1   0.00001407 
     2   0.03960074 
     3   0.00026431 
     4   0.04277832 
     5   0.00036125 
     6   0.05925000 
timestep 0.830000 
     0   0.07512256 
     1   0.00000054 
     2   0.03860140 
     3   0.00045366 
     4   0.03439915 
     5   0.00047185 
     6   0.07219577 
timestep 0.840000 
     0   0.05390626 
     1   0.00000001 
     2   0.04017099 
     3   0.00067137 
     4   0.04440826 
     5   0.00054273 
     6   0.05744304 
timestep 0.850000 
     0   0.07939909 
     1   0.00000560 
     2   0.03677220 
     3   0.00085187 
     4   0.03463578 
     5   0.00059704 
     6   0.07462444 
timestep 0.860000 
     0   0.05103988 
     1   0.00006254 
     2   0.04308091 
     3   0.00094481 
     4   0.04261442 
     5   0.00068441 
     6   0.05495531 
timestep 0.870000 
     0   0.08209247 
     1   0.00022229 
     2   0.03390151 
     3   0.00097259 
     4   0.03664116 
     5   0.00085199 
     6   0.07783335 
timestep 0.880000 
     0   0.04919864 
     1   0.00045799 
     2   0.04582101 
     3   0.00101529 
     4   0.04112787 
     5   0.00111458 
     6   0.05209567 
timestep 0.890000 
     0   0.08488349 
     1   0.00070405 
     2   0.03199772 
     3   0.00113011 
     4   0.03712479 
     5   0.00144047 
     6   0.08148082 
timestep 0.900000 
     0   0.04651009 
     1   0.00095970 
     2   0.04804735 
     3   0.00128979 
     4   0.04099041 
     5   0.00178715 
     6   0.04912954 
timestep 0.910000 
     0   0.08882176 
     1   0.00126968 
     2   0.02997089 
     3   0.00141344 
     4   0.03745261 
     5   0.00215203 
     6   0.08515405 
timestep 0.920000 
     0   0.04397084 
     1   0.00162483 
     2   0.05061042 
     3   0.00147703 
     4   0.04054491 
     5   0.00254334 
     6   0.04660984 
timestep 0.930000 
     0   0.09173592 
     1   0.00196397 
     2   0.02826250 
     3   0.00151979 
     4   0.03768140 
     5   0.00292338 
     6   0.08809374 
timestep 0.940000 
     0   0.04233351 
     1   0.00227030 
     2   0.05258750 
     3   0.00153462 
     4   0.04041625 
     5   0.00325064 
     6   0.04484833 
timestep 0.950000 
     0   0.09346712 
     1   0.00254850 
     2   0.02699208 
     3   0.00148955 
     4   0.03782762 
     5   0.00352092 
     6   0.08990123 
timestep 0.960000 
     0   0.04175301 
     1   0.00275814 
     2   0.05393323 
     3   0.00140903 
     4   0.04036335 
     5   0.00370887 
     6   0.04407503 
timestep 0.970000 
     0   0.09350520 
     1   0.00288645 
     2   0.02634701 
     3   0.00130123 
     4   0.03780714 
     5   0.00379113 
     6   0.09028701 
timestep 0.980000 
     0   0.04227185 
     1   0.00294216 
     2   0.05445524 
     3   0.00115791 
     4   0.04040037 
     5   0.00377982 
     6   0.04431745 
timestep 0.990000 
     0   0.09192791 
     1   0.00290718 
     2   0.02630434 
     3   0.00100735 
     4   0.03770238 
     5   0.00366520 
     6   0.08925461 
timestep 1.000000 
     0   0.04381269 
     1   0.00280174 
     2   0.05411407 
     3   0.00084753 
     4   0.04052513 
     5   0.00346629 
     6   0.04548641 
timestep 1.010000 
     0   0.08909295 
     1   0.00263214 
     2   0.02681071 
     3   0.00069188 
     4   0.03755745 
     5   0.00320023 
     6   0.08707267 
timestep 1.020000 
     0   0.04614233 
     1   0.00241262 
     2   0.05305296 
     3   0.00054923 
     4   0.04068728 
     5   0.00288297 
     6   0.04738804 
timestep 1.030000 
     0   0.08550818 
     1   0.00216510 
     2   0.02776597 
     3   0.00041974 
     4   0.03740647 
     5   0.00254362 
     6   0.08415164 
timestep 1.040000 
     0   0.04894674 
     1   0.00189818 
     2   0.05150074 
     3   0.00031259 
     4   0.04083716 
     5   0.00219298 
     6   0.04976197 
timestep 1.050000 
     0   0.08169683 
     1   0.00163459 
     2   0.02903076 
     3   0.00022224 
     4   0.03728290 
     5   0.00185710 
     6   0.08092569 
timestep 1.060000 
     0   0.05189761 
     1   0.00137795 
     2   0.04970472 
     3   0.00015359 
     4   0.04093996 
     5   0.00154021 
     6   0.05233131 
timestep 1.070000 
     0   0.07808164 
     1   0.00114402 
     2   0.03045220 
     3   0.00010014 
     4   0.03721100 
     5   0.00125804 
     6   0.07776231 
timestep 1.080000 
     0   0.05471077 
     1   0.00093260 
     2   0.04788180 
     3   0.00006258 
     4   0.04098011 
     5   0.00101014 
     6   0.05484840 
timestep 1.090000 
     0   0.07493324 
     1   0.00075006 
     2   0.03188682 
     3   0.00003629 
     4   0.03720245 
     5   0.00080001 
     6   0.07491539 
timestep 1.100000 
     0   0.05718715 
     1   0.00059547 
     2   0.04618838 
     3   0.00001905 
     4   0.04096286 
     5   0.00062710 
     6   0.05712613 
timestep 1.110000 
     0   0.07237339 
     1   0.00046648 
     2   0.03321626 
     3   0.00000896 
     4   0.03725537 
     5   0.00048497 
     6   0.07251845 
timestep 1.120000 
     0   0.05922196 
     1   0.00036354 
     2   0.04471626 
     3   0.00000307 
     4   0.04090343 
     5   0.00037422 
     6   0.05905022 
timestep 1.130000 
     0   0.07040338 
     1   0.00028010 
     2   0.03436426 
     3   0.00000062 
     4   0.03734384 
     5   0.00028651 
     6   0.07060818 
timestep 1.140000 
     0   0.06078705 
     1   0.00021570 
     2   0.04351814 
     3   0.00000000 
     4   0.04080941 
     5   0.00021920 
     6   0.06058075 
timestep 1.150000 
     0   0.06895402 
     1   0.00016610 
     2   0.03530712 
     3   0.00000057 
     4   0.03742770 
     5   0.00016894 
     6   0.06916574 
timestep 1.160000 
     0   0.06192478 
     1   0.00012795 
     2   0.04261041 
     3   0.00000168 
     4   0.04071218 
     5   0.00013071 
     6   0.06173817 
timestep 1.170000 
     0   0.06794925 
     1   0.00009979 
     2   0.03602862 
     3   0.00000317 
     4   0.03749761 
     5   0.00010250 
     6   0.06813434 
timestep 1.180000 
     0   0.06271719 
     1   0.00007895 
     2   0.04195233 
     3   0.00000488 
     4   0.04066780 
     5   0.00008220 
     6   0.06255868 
timestep 1.190000 
     0   0.06728921 
     1   0.00006366 
     2   0.03652220 
     3   0.00000667 
     4   0.03751637 
     5   0.00006750 
     6   0.06743331 
timestep 1.200000 
     0   0.06322086 
     1   0.00005294 
     2   0.04153023 
     3   0.00000874 
     4   0.04069522 
     5   0.00005710 
     6   0.06309332 
timestep 1.210000 
     0   0.06688401 
     1   0.00004573 
     2   0.03681783 
     3   0.00001134 
     4   0.03742886 
     5   0.00005017 
     6   0.06700788 
timestep 1.220000 
     0   0.06351296 
     1   0.00004128 
     2   0.04132386 
     3   0.00001473 
     4   0.04086098 
     5   0.00004597 
     6   0.06339413 
timestep 1.230000 
     0   0.06667635 
     1   0.00003926 
     2   0.03691506 
     3   0.00001944 
     4   0.03717977 
     5   0.00004394 
     6   0.06680751 
timestep 1.240000 
     0   0.06364101 
     1   0.00003955 
     2   0.04132035 
     3   0.00002631 
     4   0.04124535 
     5   0.00004376 
     6   0.06348873 
timestep 1.250000 
     0   0.06660770 
     1   0.00004221 
     2   0.03682591 
     3   0.00003667 
     4   0.03666950 
     5   0.00004522 
     6   0.06680765 
timestep 1.260000 
     0   0.06365964 
     1   0.00004754 
     2   0.04150971 
     3   0.00005256 
     4   0.04197504 
     5   0.00004806 
     6   0.06339858 
timestep 1.270000 
     0   0.06662246 
     1   0.00005604 
     2   0.03656607 
     3   0.00007703 
     4   0.03578096 
     5   0.00005193 
     6   0.06698681 
timestep 1.280000 
     0   0.06363232 
     1   0.00006826 
     2   0.04185750 
     3   0.00011452 
     4   0.04319359 
     5   0.00005621 
     6   0.06315086 
timestep 1.290000 
     0   0.06663860 
     1   0.00008456 
     2   0.03619975 
     3   0.00017099 
     4   0.03442968 
     5   0.00006003 
     6   0.06729733 
timestep 1.300000 
     0   0.06365443 
     1   0.00010469 
     2   0.04225769 
     3   0.00025359 
     4   0.04496948 
     5   0.00006230 
     6   0.06282761 
timestep 1.310000 
     0   0.06655300 
     1   0.00012737 
     2   0.03586730 
     3   0.00036964 
     4   0.03269531 
     5   0.00006204 
     6   0.06761185 
timestep 1.320000 
     0   0.06381447 
     1   0.00015009 
     2   0.04252712 
     3   0.00052487 
     4   0.04712673 
     5   0.00005877 
     6   0.06259051 
timestep 1.330000 
     0   0.06631184 
     1   0.00016950 
     2   0.03574219 
     3   0.00072133 
     4   0.03089844 
     5   0.00005274 
     6   0.06774604 
timestep 1.340000 
     0   0.06411111 
     1   0.00018242 
     2   0.04250502 
     3   0.00095607 
     4   0.04921192 
     5   0.00004482 
     6   0.06259438 
timestep 1.350000 
     0   0.06597640 
     1   0.00018697 
     2   0.03591190 
     3   0.00122123 
     4   0.02944029 
     5   0.00003614 
     6   0.06760142 
timestep 1.360000 
     0   0.06444798 
     1   0.00018292 
     2   0.04217024 
     3   0.00150550 
     4   0.05075407 
     5   0.00002764 
     6   0.06285233 
timestep 1.370000 
     0   0.06564967 
     1   0.00017137 
     2   0.03633979 
     3   0.00179594 
     4   0.02856295 
     5   0.00002002 
     6   0.06723725 
timestep 1.380000 
     0   0.06474393 
     1   0.00015411 
     2   0.04160975 
     3   0.00207975 
     4   0.05149639 
     5   0.00001372 
     6   0.06327081 
timestep 1.390000 
     0   0.06539033 
     1   0.00013338 
     2   0.03692611 
     3   0.00234582 
     4   0.02832459 
     5   0.00000890 
     6   0.06676699 
timestep 1.400000 
     0   0.06495708 
     1   0.00011148 
     2   0.04095485 
     3   0.00258596 
     4   0.05141713 
     5   0.00000543 
     6   0.06373827 
timestep 1.410000 
     0   0.06522059 
     1   0.00009020 
     2   0.03755252 
     3   0.00279515 
     4   0.02865272 
     5   0.00000309 
     6   0.06630098 
timestep 1.420000 
     0   0.06508670 
     1   0.00007070 
     2   0.04031812 
     3   0.00297125 
     4   0.05066149 
     5   0.00000161 
     6   0.06416862 
timestep 1.430000 
     0   0.06512725 
     1   0.00005374 
     2   0.03813118 
     3   0.00311466 
     4   0.02942413 
     5   0.00000076 
     6   0.06590206 
timestep 1.440000 
     0   0.06514902 
     1   0.00003967 
     2   0.03977281 
     3   0.00322774 
     4   0.04943362 
     5   0.00000031 
     6   0.06451675 
timestep 1.450000 
     0   0.06508831 
     1   0.00002836 
     2   0.03860979 
     3   0.00331394 
     4   0.03050745 
     5   0.00000009 
     6   0.06559699 
timestep 1.460000 
     0   0.06516918 
     1   0.00001961 
     2   0.03934762 
     3   0.00337736 
     4   0.04792216 
     5   0.00000002 
     6   0.06477287 
timestep 1.470000 
     0   0.06508234 
     1   0.00001309 
     2   0.03896962 
     3   0.00342228 
     4   0.03179372 
     5   0.00000000 
     6   0.06538450 
timestep 1.480000 
     0   0.06516659 
     1   0.00000837 
     2   0.03904427 
     3   0.00345273 
     4   0.04627075 
     5   0.00000001 
     6   0.06494432 
timestep 1.490000 
     0   0.06509130 
     1   0.00000509 
     2   0.03921669 
     3   0.00347234 
     4   0.03320532 
     5   0.00000002 
     6   0.06524914 
timestep 1.500000 
     0   0.06515442 
     1   0.00000291 
     2   0.03884828 
     3   0.00348423 
     4   0.04457052 
     5   0.00000002 
     6   0.06504742 
timestep 1.510000 
     0   0.06510427 
     1   0.00000153 
     2   0.03936854 
     3   0.00349088 
     4   0.03469318 
     5   0.00000002 
     6   0.06517251 
timestep 1.520000 
     0   0.06514122 
     1   0.00000072 
     2   0.03873714 
     3   0.00349423 
     4   0.04287045 
     5   0.00000002 
     6   0.06510091 
timestep 1.530000 
     0   0.06511574 
     1   0.00000029 
     2   0.03944747 
     3   0.00349568 
     4   0.03623093 
     5   0.00000001 
     6   0.06513686 
timestep 1.540000 
     0   0.06513131 
     1   0.00000009 
     2   0.03868651 
     3   0.00349618 
     4   0.04119290 
     5   0.00000001 
     6   0.06512203 
timestep 1.550000 
     0   0.06512318 
     1   0.00000002 
     2   0.03947727 
     3   0.00349630 
     4   0.03780702 
     5   0.00000000 
     6   0.06512607 
timestep 1.560000 
     0   0.06512619 
     1   0.00000000 
     2   0.03867254 
     3   0.00349631 
     4   0.03954654 
     5   0.00000000 
     6   0.06512583 
timestep 1.570000 
     0   0.06512581 
     1   0.00000000 
     2   0.03948170 
     3   0.00349631 
     4   0.03941692 
     5   0.00000000 
     6   0.06512579 
timestep 1.580000 
     0   0.06512599 
     1   0.00000000 
     2   0.03867200 
     3   0.00349631 
     4   0.03793487 
     5   0.00000000 
     6   0.06512585 
timestep 1.590000 
     0   0.06512358 
     1   0.00000001 
     2   0.03948421 
     3   0.00349632 
     4   0.04105781 
     5   0.00000001 
     6   0.06512283 
timestep 1.600000 
     0   0.06513073 
     1   0.00000007 
     2   0.03866171 
     3   0.00349648 
     4   0.03636035 
     5   0.00000001 
     6   0.06513505 
timestep 1.610000 
     0   0.06511631 
     1   0.00000023 
     2   0.03950835 
     3   0.00349712 
     4   0.04272700 
     5   0.00000003 
     6   0.06510430 
timestep 1.620000 
     0   0.06514117 
     1   0.00000060 
     2   0.03861794 
     3   0.00349890 
     4   0.03482402 
     5   0.00000004 
     6   0.06516667 
timestep 1.630000 
     0   0.06510260 
     1   0.00000128 
     2   0.03957853 
     3   0.00350282 
     4   0.04442487 
     5   0.00000008 
     6   0.06505669 
timestep 1.640000 
     0   0.06515984 
     1   0.00000246 
     2   0.03851584 
     3   0.00351042 
     4   0.03332147 
     5   0.00000013 
     6   0.06523503 
timestep 1.650000 
     0   0.06507855 
     1   0.00000433 
     2   0.03972135 
     3   0.00352376 
     4   0.04616249 
     5   0.00000024 
     6   0.06496456 
timestep 1.660000 
     0   0.06519215 
     1   0.00000718 
     2   0.03832824 
     3   0.00354557 
     4   0.03183612 
     5   0.00000041 
     6   0.06535672 
timestep 1.670000 
     0   0.06503583 
     1   0.00001138 
     2   0.03996833 
     3   0.00357937 
     4   0.04797371 
     5   0.00000072 
     6   0.06480871 
timestep 1.680000 
     0   0.06524868 
     1   0.00001738 
     2   0.03802238 
     3   0.00362956 
     4   0.03033031 
     5   0.00000127 
     6   0.06555359 
timestep 1.690000 
     0   0.06495968 
     1   0.00002590 
     2   0.04036077 
     3   0.00370171 
     4   0.04993071 
     5   0.00000220 
     6   0.06456385 
timestep 1.700000 
     0   0.06535001 
     1   0.00003780 
     2   0.03755232 
     3   0.00380281 
     4   0.02873518 
     5   0.00000380 
     6   0.06585851 
timestep 1.710000 
     0   0.06482433 
     1   0.00005436 
     2   0.04096048 
     3   0.00394168 
     4   0.05216687 
     5   0.00000654 
     6   0.06419235 
timestep 1.720000 
     0   0.06553308 
     1   0.00007750 
     2   0.03684745 
     3   0.00412976 
     4   0.02694278 
     5   0.00001116 
     6   0.06632252 
timestep 1.730000 
     0   0.06458049 
     1   0.00010987 
     2   0.04187406 
     3   0.00438189 
     4   0.05491281 
     5   0.00001901 
     6   0.06363081 
timestep 1.740000 
     0   0.06586420 
     1   0.00015548 
     2   0.03579186 
     3   0.00471767 
     4   0.02479727 
     5   0.00003234 
     6   0.06703055 
timestep 1.750000 
     0   0.06413662 
     1   0.00022047 
     2   0.04329325 
     3   0.00516349 
     4   0.05854499 
     5   0.00005507 
     6   0.06277482 
timestep 1.760000 
     0   0.06647448 
     1   0.00031402 
     2   0.03418438 
     3   0.00575497 
     4   0.02209086 
     5   0.00009405 
     6   0.06813451 
timestep 1.770000 
     0   0.06332097 
     1   0.00045018 
     2   0.04557455 
     3   0.00654032 
     4   0.06366997 
     5   0.00016145 
     6   0.06144824 
timestep 1.780000 
     0   0.06761952 
     1   0.00065075 
     2   0.03169134 
     3   0.00758470 
     4   0.01859641 
     5   0.00027878 
     6   0.06989743 
timestep 1.790000 
     0   0.06180297 
     1   0.00094921 
     2   0.04939933 
     3   0.00897481 
     4   0.07123221 
     5   0.00048427 
     6   0.05936014 
timestep 1.800000 
     0   0.06980557 
     1   0.00139661 
     2   0.02780657 
     3   0.01082206 
     4   0.01417836 
     5   0.00084543 
     6   0.07277658 
timestep 1.810000 
     0   0.05898863 
     1   0.00206959 
     2   0.05605067 
     3   0.01326093 
     4   0.08254919 
     5   0.00147957 
     6   0.05607484 
timestep 1.820000 
     0   0.07400471 
     1   0.00307993 
     2   0.02195140 
     3   0.01643485 
     4   0.00907607 
     5   0.00258424 
     6   0.07751627 
timestep 1.830000 
     0   0.05394703 
     1   0.00458229 
     2   0.06781837 
     3   0.02045703 
     4   0.09889013 
     5   0.00447577 
     6   0.05105458 
timestep 1.840000 
     0   0.08190813 
     1   0.00677361 
     2   0.01403730 
     3   0.02532999 
     4   0.00426694 
     5   0.00762085 
     6   0.08517906 
timestep 1.850000 
     0   0.04571516 
     1   0.00987086 
     2   0.08805816 
     3   0.03081520 
     4   0.11961700 
     5   0.01261969 
     6   0.04394351 
timestep 1.860000 
     0   0.09576194 
     1   0.01405001 
     2   0.00571529 
     3   0.03627845 
     4   0.00121549 
     5   0.02006473 
     6   0.09682277 
timestep 1.870000 
     0   0.03453516 
     1   0.01933521 
     2   0.11888801 
     3   0.04060897 
     4   0.13835143 
     5   0.03019234 
     6   0.03519425 
timestep 1.880000 
     0   0.11629231 
     1   0.02545733 
     2   0.00065375 
     3   0.04238996 
     4   0.00029663 
     5   0.04235016 
     6   0.11229785 
timestep 1.890000 
     0   0.02347724 
     1   0.03175452 
     2   0.15335100 
     3   0.04046043 
     4   0.14236392 
     5   0.05457821 
     6   0.02663128 
timestep 1.900000 
     0   0.13746028 
     1   0.03722616 
     2   0.00012998 
     3   0.03470463 
     4   0.00069395 
     5   0.06388017 
     6   0.12807223 
timestep 1.910000 
     0   0.01714312 
     1   0.04080249 
     2   0.17010278 
     3   0.02645530 
     4   0.12555459 
     5   0.06752608 
     6   0.02091717 
timestep 1.920000 
     0   0.14582405 
     1   0.04173553 
     2   0.00015496 
     3   0.01791371 
     4   0.00355954 
     5   0.06469838 
     6   0.13671242 
timestep 1.930000 
     0   0.01748882 
     1   0.03988495 
     2   0.15558677 
     3   0.01089069 
     4   0.09963176 
     5   0.05696721 
     6   0.01991722 
timestep 1.940000 
     0   0.13688320 
     1   0.03574174 
     2   0.00039081 
     3   0.00601625 
     4   0.00987100 
     5   0.04702353 
     6   0.13299301 
timestep 1.950000 
     0   0.02277516 
     1   0.03022847 
     2   0.12557895 
     3   0.00300282 
     4   0.07713950 
     5   0.03704083 
     6   0.02349342 
timestep 1.960000 
     0   0.12125264 
     1   0.02438072 
     2   0.00389322 
     3   0.00131375 
     4   0.01787818 
     5   0.02817237 
     6   0.12105811 
timestep 1.970000 
     0   0.03004616 
     1   0.01899607 
     2   0.09781104 
     3   0.00048201 
     4   0.06161003 
     5   0.02091603 
     6   0.02966454 
timestep 1.980000 
     0   0.10671951 
     1   0.01444452 
     2   0.01011977 
     3   0.00013294 
     4   0.02498570 
     5   0.01534177 
     6   0.10790451 
timestep 1.990000 
     0   0.03721519 
     1   0.01078902 
     2   0.07798556 
     3   0.00001585 
     4   0.05218431 
     5   0.01118926 
     6   0.03646202 
timestep 2.000000 
     0   0.09575927 
     1   0.00798244 
     2   0.01671105 
     3   0.00000179 
     4   0.03020996 
     5   0.00814833 
     6   0.09691989 
timestep 2.010000 
     0   0.04320564 
     1   0.00589481 
     2   0.06509884 
     3   0.00002326 
     4   0.04674273 
     5   0.00596983 
     6   0.04253997 
timestep 2.020000 
     0   0.08803796 
     1   0.00435441 
     2   0.02225834 
     3   0.00005149 
     4   0.03361645 
     5   0.00440608 
     6   0.08877184 
timestep 2.030000 
     0   0.04779750 
     1   0.00323710 
     2   0.05699355 
     3   0.00007474 
     4   0.04362012 
     5   0.00328544 
     6   0.04740655 
timestep 2.040000 
     0   0.08273398 
     1   0.00243014 
     2   0.02644328 
     3   0.00008967 
     4   0.03570624 
     5   0.00248624 
     6   0.08304398 
timestep 2.050000 
     0   0.05117170 
     1   0.00184264 
     2   0.05189321 
     3   0.00009982 
     4   0.04182716 
     5   0.00190496 
     6   0.05106480 
timestep 2.060000 
     0   0.07912236 
     1   0.00142051 
     2   0.02942817 
     3   0.00010305 
     4   0.03696092 
     5   0.00148780 
     6   0.07910706 
timestep 2.070000 
     0   0.05358633 
     1   0.00110932 
     2   0.04864111 
     3   0.00010534 
     4   0.04079250 
     5   0.00117925 
     6   0.05370772 
timestep 2.080000 
     0   0.07667944 
     1   0.00088424 
     2   0.03149537 
     3   0.00010400 
     4   0.03770998 
     5   0.00095514 
     6   0.07643516 
timestep 2.090000 
     0   0.05526721 
     1   0.00071587 
     2   0.04654239 
     3   0.00010381 
     4   0.04019100 
     5   0.00078669 
     6   0.05555672 
timestep 2.100000 
     0   0.07506028 
     1   0.00059320 
     2   0.03289906 
     3   0.00010203 
     4   0.03815588 
     5   0.00066364 
     6   0.07465608 
timestep 2.110000 
     0   0.05638297 
     1   0.00050000 
     2   0.04518523 
     3   0.00010262 
     4   0.03984240 
     5   0.00056993 
     6   0.05679587 
timestep 2.120000 
     0   0.07405104 
     1   0.00043265 
     2   0.03382654 
     3   0.00010243 
     4   0.03841854 
     5   0.00050268 
     6   0.07352665 
timestep 2.130000 
     0   0.05704556 
     1   0.00038089 
     2   0.04432562 
     3   0.00010567 
     4   0.03964962 
     5   0.00045169 
     6   0.05755560 
timestep 2.140000 
     0   0.07353169 
     1   0.00034517 
     2   0.03440362 
     3   0.00010878 
     4   0.03856511 
     5   0.00041765 
     6   0.07290184 
timestep 2.150000 
     0   0.05731442 
     1   0.00031860 
     2   0.04382414 
     3   0.00011591 
     4   0.03955992 
     5   0.00039462 
     6   0.05791431 
timestep 2.160000 
     0   0.07345205 
     1   0.00030236 
     2   0.03471198 
     3   0.00012504 
     4   0.03862220 
     5   0.00038310 
     6   0.07271247 
timestep 2.170000 
     0   0.05719427 
     1   0.00029390 
     2   0.04361128 
     3   0.00013808 
     4   0.03954400 
     5   0.00038246 
     6   0.05789907 
timestep 2.180000 
     0   0.07382427 
     1   0.00029206 
     2   0.03479656 
     3   0.00015729 
     4   0.03858879 
     5   0.00039155 
     6   0.07295190 
timestep 2.190000 
     0   0.05663378 
     1   0.00029860 
     2   0.04365257 
     3   0.00018245 
     4   0.03961020 
     5   0.00041342 
     6   0.05748019 
timestep 2.200000 
     0   0.07475104 
     1   0.00031194 
     2   0.03465770 
     3   0.00021844 
     4   0.03845741 
     5   0.00044947 
     6   0.07368359 
timestep 2.210000 
     0   0.05552325 
     1   0.00033349 
     2   0.04393511 
     3   0.00026925 
     4   0.03981741 
     5   0.00050352 
     6   0.05656923 
timestep 2.220000 
     0   0.07646311 
     1   0.00036503 
     2   0.03428241 
     3   0.00034083 
     4   0.03816532 
     5   0.00058273 
     6   0.07507584 
timestep 2.230000 
     0   0.05363665 
     1   0.00040715 
     2   0.04449578 
     3   0.00044486 
     4   0.04025797 
     5   0.00069687 
     6   0.05499671 
timestep 2.240000 
     0   0.07936907 
     1   0.00046144 
     2   0.03366494 
     3   0.00059834 
     4   0.03754481 
     5   0.00086163 
     6   0.07743844 
timestep 2.250000 
     0   0.05058822 
     1   0.00052920 
     2   0.04535396 
     3   0.00082794 
     4   0.04118316 
     5   0.00110253 
     6   0.05247449 
timestep 2.260000 
     0   0.08425091 
     1   0.00060941 
     2   0.03281614 
     3   0.00117727 
     4   0.03626882 
     5   0.00146036 
     6   0.08130972 
timestep 2.270000 
     0   0.04580641 
     1   0.00069662 
     2   0.04643245 
     3   0.00171619 
     4   0.04317032 
     5   0.00200127 
     6   0.04859899 
timestep 2.280000 
     0   0.09249865 
     1   0.00077675 
     2   0.03192840 
     3   0.00255461 
     4   0.03362610 
     5   0.00283315 
     6   0.08754193 
timestep 2.290000 
     0   0.03858810 
     1   0.00082054 
     2   0.04727611 
     3   0.00386052 
     4   0.04757476 
     5   0.00413100 
     6   0.04296455 
timestep 2.300000 
     0   0.10641141 
     1   0.00077815 
     2   0.03171991 
     3   0.00587532 
     4   0.02831681 
     5   0.00617230 
     6   0.09716611 
timestep 2.310000 
     0   0.02863307 
     1   0.00058813 
     2   0.04631644 
     3   0.00890534 
     4   0.05760486 
     5   0.00937503 
     6   0.03567948 
timestep 2.320000 
     0   0.12874364 
     1   0.00024151 
     2   0.03438453 
     3   0.01323823 
     4   0.01875320 
     5   0.01430440 
     6   0.11009011 
timestep 2.330000 
     0   0.01744972 
     1   0.00000224 
     2   0.03971783 
     3   0.01888774 
     4   0.08059805 
     5   0.02155025 
     6   0.02868609 
timestep 2.340000 
     0   0.15794018 
     1   0.00098641 
     2   0.04611996 
     3   0.02505208 
     4   0.00600149 
     5   0.03126253 
     6   0.11976759 
timestep 2.350000 
     0   0.00976233 
     1   0.00637631 
     2   0.02270790 
     3   0.02933975 
     4   0.13001284 
     5   0.04203833 
     6   0.02849455 
timestep 2.360000 
     0   0.17034688 
     1   0.02328526 
     2   0.08307556 
     3   0.02752032 
     4   0.00019729 
     5   0.04915702 
     6   0.10192810 
timestep 2.370000 
     0   0.01485320 
     1   0.06392704 
     2   0.00252898 
     3   0.01610194 
     4   0.20833912 
     5   0.04389054 
     6   0.05879451 
timestep 2.380000 
     0   0.10437906 
     1   0.14140059 
     2   0.16646443 
     3   0.00133748 
     4   0.00813320 
     5   0.02015292 
     6   0.03080018 
timestep 2.390000 
     0   0.09561012 
     1   0.25179164 
     2   0.00392663 
     3   0.01397578 
     4   0.22101100 
     5   0.00019405 
     6   0.22609200 
timestep 2.400000 
     0   0.00033668 
     1   0.34146892 
     2   0.21137135 
     3   0.10986552 
     4   0.00041074 
     5   0.08207196 
     6   0.02090821 
timestep 2.410000 
     0   0.50734601 
     1   0.29929907 
     2   0.00104381 
     3   0.30926691 
     4   0.02782601 
     5   0.45396469 
     6   0.69006813 
timestep 2.420000 
     0   0.14983945 
     1   0.08520802 
     2   0.01399629 
     3   0.46645938 
     4   0.31326419 
     5   1.21651216 
     6   0.15957888 
timestep 2.430000 
     0   0.83755345 
     1   0.06824859 
     2   0.46455434 
     3   0.29277519 
     4   0.32538499 
     5   1.92522151 
     6   0.56118752 
timestep 2.440000 
     0   0.00753913 
     1   1.20054709 
     2   0.59025645 
     3   0.00222133 
     4   1.71473268 
     5   1.48878572 
     6   0.09840538 
timestep 2.450000 
     0   0.02935027 
     1   3.98654698 
     2   2.24668747 
     3   1.27477684 
     4   0.93990603 
     5   0.06921355 
     6   0.63735244 
timestep 2.460000 
     0   3.26051828 
     1   6.21545548 
     2   0.89639242 
     3   5.88341359 
     4   0.79070108 
     5   2.59840098 
     6   6.40275053 
timestep 2.470000 
     0   5.35239411 
     1   3.83717428 
     2   0.15070024 
     3  10.23471630 
     4   0.37255375 
     5  15.77488375 
     6   8.14363890 
timestep 2.480000 
     0   8.53229594 
     1   0.00073964 
     2   2.93687502 
     3   5.83013112 
     4   2.88952945 
     5  31.13978584 
     6   8.33798894 
timestep 2.490000 
     0   0.63200870 
     1   9.75683399 
     2   9.49683394 
     3   0.37682353 
     4  10.72512302 
     5  21.81577191 
     6   0.01843508 
timestep 2.500000 
     0   4.12385329 
     1  34.10375650 
     2  15.99131943 
     3  27.32970800 
     4   8.05618936 
     5   0.00267711 
     6  14.71374948 
timestep 2.510000 
     0  37.35435212 
     1  35.14530168 
     2   2.90711057 
     3  77.86799888 
     4   1.95532700 
     5  52.47261176 
     6  66.84838770 
timestep 2.520000 
     0  44.07575473 
     1   3.62160488 
     2   4.16322522 
     3  60.28236948 
     4   4.74421056 
     5 170.84922707 
     6  60.96288146 
timestep 2.530000 
     0  11.50682146 
     1  24.82673309 
     2  42.17059334 
     3   0.04924294 
     4  21.52480628 
     5 139.95844204 
     6   6.45677388 
timestep 2.540000 
     0  22.65951879 
     1 103.88771336 
     2  43.28099357 
     3 112.99246067 
     4  29.91360522 
     5   1.13181730 
     6  60.44281176 
timestep 2.550000 
     0 113.30128550 
     1  73.82005525 
     2   4.64598504 
     3 277.76873202 
     4   4.63998656 
     5 196.31879565 
     6 205.35568434 
timestep 2.560000 
     0 100.69094251 
     1   0.25516183 
     2  31.28679530 
     3 111.35698040 
     4   5.13209895 
     5 465.11924527 
     6 139.69972469 
timestep 2.570000 
     0   0.07106148 
     1 111.11016718 
     2  78.52485594 
     3  34.95263112 
     4  36.67552152 
     5 154.94970447 
     6   4.41087818 
timestep 2.580000 
     0 116.35985599 
     1 144.29354537 
     2  26.19805922 
     3 387.12032326 
     4  24.24557180 
     5  75.71326816 
     6 229.90458588 
timestep 2.590000 
     0 164.88438100 
     1   4.73497058 
     2  15.63678651 
     3 281.50748638 
     4   0.76620873 
     5 552.67149714 
     6 261.81315259 
timestep 2.600000 
     0   3.15469046 
     1  97.45379890 
     2  66.19670165 
     3   3.91679355 
     4  16.46441476 
     5 273.32715001 
     6   1.29388257 
timestep 2.610000 
     0  97.04510621 
     1 128.12647792 
     2  17.79795375 
     3 333.89621224 
     4  20.62055541 
     5  38.18790330 
     6 184.86482142 
timestep 2.620000 
     0 117.61377670 
     1   0.34806364 
     2  16.70884923 
     3 218.12489095 
     4   3.24038068 
     5 419.76626814 
     6 188.15969379 
timestep 2.630000 
     0   0.53040773 
     1  88.53347488 
     2  33.38325167 
     3  13.68486123 
     4   5.59278586 
     5 127.72006093 
     6   1.82684441 
timestep 2.640000 
     0  75.56902984 
     1  47.85271317 
     2   0.71929884 
     3 215.92454510 
     4   7.80104897 
     5  68.57787000 
     6 125.38075344 
timestep 2.650000 
     0  27.39062795 
     1  10.45293102 
     2  18.40932872 
     3  43.17964409 
     4   0.99889002 
     5 188.38173799 
     6  40.55186564 
timestep 2.660000 
     0  18.28345913 
     1  46.27406541 
     2   4.49158893 
     3  47.62749551 
     4   2.37911583 
     5   2.64409763 
     6  25.63526873 
timestep 2.670000 
     0  24.08667204 
     1   0.44490120 
     2   2.92449571 
     3  57.37761360 
     4   1.07502953 
     5  68.00562466 
     6  32.27397652 
timestep 2.680000 
     0   0.43555428 
     1  18.20093462 
     2   5.18046055 
     3   2.29877476 
     4   0.00532896 
     5  15.53833456 
     6   0.54359031 
timestep 2.690000 
     0  13.80472559 
     1   2.31046985 
     2   0.77782249 
     3  23.24848340 
     4   0.67545696 
     5  13.04183609 
     6  14.18912051 
timestep 2.700000 
     0   0.05587558 
     1   5.02390978 
     2   1.19424612 
     3   0.00098870 
     4   0.01063091 
     5   6.95692760 
     6   0.14942240 
timestep 2.710000 
     0   2.87712022 
     1   1.02878835 
     2   0.00598230 
     3   5.97795769 
     4   0.00040503 
     5   2.61281725 
     6   2.13609759 
timestep 2.720000 
     0   0.05353195 
     1   1.41974916 
     2   0.69158697 
     3   0.00328277 
     4   0.04466550 
     5   1.26519720 
     6   0.00000872 
timestep 2.730000 
     0   1.58797660 
     1   0.13859892 
     2   0.16203674 
     3   1.25655778 
     4   0.07436676 
     5   0.83476852 
     6   0.98173075 
timestep 2.740000 
     0   0.22460312 
     1   0.43217758 
     2   0.00165225 
     3   0.08931798 
     4   0.05116737 
     5   0.06021890 
     6   0.38157100 
timestep 2.750000 
     0   0.02966135 
     1   0.00077027 
     2   0.00082375 
     3   0.16254806 
     4   0.03325564 
     5   0.25250739 
     6   0.00438068 
timestep 2.760000 
     0   0.00046444 
     1   0.09096671 
     2   0.05353215 
     3   0.09990185 
     4   0.03018552 
     5   0.01614755 
     6   0.00028106 
timestep 2.770000 
     0   0.10890516 
     1   0.02740861 
     2   0.08508305 
     3   0.00031495 
     4   0.03469684 
     5   0.02620711 
     6   0.03251653 
timestep 2.780000 
     0   0.19112900 
     1   0.00247071 
     2   0.05726351 
     3   0.02656549 
     4   0.04069586 
     5   0.02801645 
     6   0.11560261 
timestep 2.790000 
     0   0.11418392 
     1   0.01378110 
     2   0.03300353 
     3   0.01159764 
     4   0.04348175 
     5   0.00188903 
     6   0.13020072 
timestep 2.800000 
     0   0.04888863 
     1   0.00406498 
     2   0.02712897 
     3   0.00000399 
     4   0.04237875 
     5   0.00255244 
     6   0.09033435 
timestep 2.810000 
     0   0.03317500 
     1   0.00008780 
     2   0.03163614 
     3   0.00308755 
     4   0.03967686 
     5   0.00467561 
     6   0.05698469 
timestep 2.820000 
     0   0.04348331 
     1   0.00193603 
     2   0.03876819 
     3   0.00288617 
     4   0.03757216 
     5   0.00146310 
     6   0.04508664 
timestep 2.830000 
     0   0.06356914 
     1   0.00145053 
     2   0.04317233 
     3   0.00052310 
     4   0.03692277 
     5   0.00000028 
     6   0.04791311 
timestep 2.840000 
     0   0.07834366 
     1   0.00019802 
     2   0.04358791 
     3   0.00004913 
     4   0.03749016 
     5   0.00048573 
     6   0.05770450 
timestep 2.850000 
     0   0.08087307 
     1   0.00005795 
     2   0.04167192 
     3   0.00048586 
     4   0.03860193 
     5   0.00067362 
     6   0.06775956 
timestep 2.860000 
     0   0.07482263 
     1   0.00032104 
     2   0.03941655 
     3   0.00049233 
     4   0.03962365 
     5   0.00031760 
     6   0.07369636 
timestep 2.870000 
     0   0.06685045 
     1   0.00029785 
     2   0.03790564 
     3   0.00018756 
     4   0.04019514 
     5   0.00003501 
     6   0.07461874 
timestep 2.880000 
     0   0.06107659 
     1   0.00010648 
     2   0.03736236 
     3   0.00001004 
     4   0.04025551 
     5   0.00001625 
     6   0.07208765 
timestep 2.890000 
     0   0.05861809 
     1   0.00000393 
     2   0.03756006 
     3   0.00002612 
     4   0.03993999 
     5   0.00009258 
     6   0.06825465 
timestep 2.900000 
     0   0.05895129 
     1   0.00002076 
     2   0.03814395 
     3   0.00009025 
     4   0.03944979 
     5   0.00011877 
     6   0.06470744 
timestep 2.910000 
     0   0.06098931 
     1   0.00006455 
     2   0.03880430 
     3   0.00010414 
     4   0.03896063 
     5   0.00008297 
     6   0.06222227 
timestep 2.920000 
     0   0.06363525 
     1   0.00007366 
     2   0.03934314 
     3   0.00006936 
     4   0.03858418 
     5   0.00003319 
     6   0.06096660 
timestep 2.930000 
     0   0.06604912 
     1   0.00004948 
     2   0.03967615 
     3   0.00002648 
     4   0.03836730 
     5   0.00000441 
     6   0.06077309 
timestep 2.940000 
     0   0.06774938 
     1   0.00001923 
     2   0.03980248 
     3   0.00000293 
     4   0.03830872 
     5   0.00000116 
     6   0.06134119 
timestep 2.950000 
     0   0.06858967 
     1   0.00000219 
     2   0.03976702 
     3   0.00000165 
     4   0.03837917 
     5   0.00001140 
     6   0.06235602 
timestep 2.960000 
     0   0.06865958 
     1   0.00000122 
     2   0.03962946 
     3   0.00001221 
     4   0.03853807 
     5   0.00002236 
     6   0.06354906 
timestep 2.970000 
     0   0.06816760 
     1   0.00000936 
     2   0.03944492 
     3   0.00002339 
     4   0.03874494 
     5   0.00002744 
     6   0.06472245 
timestep 2.980000 
     0   0.06734704 
     1   0.00001845 
     2   0.03925506 
     3   0.00002906 
     4   0.03896581 
     5   0.00002599 
     6   0.06575117 
timestep 2.990000 
     0   0.06639963 
     1   0.00002361 
     2   0.03908644 
     3   0.00002827 
     4   0.03917578 
     5   0.00002040 
     6   0.06657266 
timestep 3.000000 
     0   0.06547229 
     1   0.00002373 
     2   0.03895249 
     3   0.00002304 
     4   0.03935908 
     5   0.00001356 
     6   0.06717102 
timestep 3.010000 
     0   0.06465588 
     1   0.00002006 
     2   0.03885707 
     3   0.00001607 
     4   0.03950784 
     5   0.00000751 
     6   0.06756092 
timestep 3.020000 
     0   0.06399475 
     1   0.00001463 
     2   0.03879786 
     3   0.00000951 
     4   0.03962013 
     5   0.00000323 
     6   0.06777371 
timestep 3.030000 
     0   0.06349966 
     1   0.00000919 
     2   0.03876919 
     3   0.00000454 
     4   0.03969807 
     5   0.00000085 
     6   0.06784729 
timestep 3.040000 
     0   0.06315980 
     1   0.00000480 
     2   0.03876415 
     3   0.00000149 
     4   0.03974621 
     5   0.00000002 
     6   0.06781937 
timestep 3.050000 
     0   0.06295255 
     1   0.00000188 
     2   0.03877584 
     3   0.00000016 
     4   0.03977024 
     5   0.00000025 
     6   0.06772369 
timestep 3.060000 
     0   0.06285031 
     1   0.00000038 
     2   0.03879813 
     3   0.00000010 
     4   0.03977608 
     5   0.00000108 
     6   0.06758841 
timestep 3.070000 
     0   0.06282508 
     1   0.00000000 
     2   0.03882603 
     3   0.00000085 
     4   0.03976936 
     5   0.00000215 
     6   0.06743574 
timestep 3.080000 
     0   0.06285108 
     1   0.00000039 
     2   0.03885567 
     3   0.00000201 
     4   0.03975506 
     5   0.00000322 
     6   0.06728248 
timestep 3.090000 
     0   0.06290611 
     1   0.00000120 
     2   0.03888427 
     3   0.00000326 
     4   0.03973742 
     5   0.00000416 
     6   0.06714077 
timestep 3.100000 
     0   0.06297200 
     1   0.00000215 
     2   0.03890987 
     3   0.00000441 
     4   0.03971983 
     5   0.00000491 
     6   0.06701906 
timestep 3.110000 
     0   0.06303460 
     1   0.00000305 
     2   0.03893114 
     3   0.00000536 
     4   0.03970485 
     5   0.00000547 
     6   0.06692294 
timestep 3.120000 
     0   0.06308352 
     1   0.00000374 
     2   0.03894699 
     3   0.00000603 
     4   0.03969421 
     5   0.00000583 
     6   0.06685584 
timestep 3.130000 
     0   0.06311182 
     1   0.00000414 
     2   0.03895636 
     3   0.00000640 
     4   0.03968868 
     5   0.00000602 
     6   0.06681954 
timestep 3.140000 
     0   0.06311582 
     1   0.00000419 
     2   0.03895780 
     3   0.00000645 
     4   0.03968801 
     5   0.00000604 
     6   0.06681458 
timestep 3.150000 
     0   0.06309502 
     1   0.00000389 
     2   0.03894922 
     3   0.00000618 
     4   0.03969064 
     5   0.00000591 
     6   0.06684032 
timestep 3.160000 
     0   0.06305219 
     1   0.00000326 
     2   0.03892777 
     3   0.00000557 
     4   0.03969337 
     5   0.00000561 
     6   0.06689484 
timestep 3.170000 
     0   0.06299350 
     1   0.00000239 
     2   0.03889008 
     3   0.00000465 
     4   0.03969100 
     5   0.00000512 
     6   0.06697445 
timestep 3.180000 
     0   0.06292855 
     1   0.00000143 
     2   0.03883305 
     3   0.00000345 
     4   0.03967607 
     5   0.00000440 
     6   0.06707265 
timestep 3.190000 
     0   0.06287002 
     1   0.00000058 
     2   0.03875549 
     3   0.00000211 
     4   0.03963928 
     5   0.00000340 
     6   0.06717852 
timestep 3.200000 
     0   0.06283270 
     1   0.00000007 
     2   0.03866035 
     3   0.00000087 
     4   0.03957107 
     5   0.00000217 
     6   0.06727453 
timestep 3.210000 
     0   0.06283184 
     1   0.00000006 
     2   0.03855678 
     3   0.00000010 
     4   0.03946537 
     5   0.00000088 
     6   0.06733427 
timestep 3.220000 
     0   0.06288092 
     1   0.00000056 
     2   0.03846082 
     3   0.00000015 
     4   0.03932521 
     5   0.00000005 
     6   0.06732195 
timestep 3.230000 
     0   0.06298948 
     1   0.00000143 
     2   0.03839330 
     3   0.00000124 
     4   0.03916812 
     5   0.00000048 
     6   0.06719605 
timestep 3.240000 
     0   0.06316171 
     1   0.00000243 
     2   0.03837478 
     3   0.00000319 
     4   0.03902667 
     5   0.00000298 
     6   0.06691987 
timestep 3.250000 
     0   0.06339653 
     1   0.00000334 
     2   0.03841953 
     3   0.00000549 
     4   0.03893915 
     5   0.00000749 
     6   0.06647847 
timestep 3.260000 
     0   0.06368911 
     1   0.00000402 
     2   0.03853140 
     3   0.00000753 
     4   0.03893047 
     5   0.00001239 
     6   0.06589578 
timestep 3.270000 
     0   0.06403310 
     1   0.00000446 
     2   0.03870308 
     3   0.00000884 
     4   0.03899300 
     5   0.00001498 
     6   0.06524080 
timestep 3.280000 
     0   0.06442224 
     1   0.00000468 
     2   0.03891672 
     3   0.00000913 
     4   0.03908340 
     5   0.00001348 
     6   0.06461445 
timestep 3.290000 
     0   0.06484968 
     1   0.00000467 
     2   0.03914338 
     3   0.00000812 
     4   0.03914447 
     5   0.00000873 
     6   0.06412017 
timestep 3.300000 
     0   0.06530306 
     1   0.00000429 
     2   0.03934422 
     3   0.00000579 
     4   0.03914084 
     5   0.00000358 
     6   0.06383316 
timestep 3.310000 
     0   0.06575504 
     1   0.00000332 
     2   0.03948035 
     3   0.00000281 
     4   0.03908194 
     5   0.00000052 
     6   0.06378432 
timestep 3.320000 
     0   0.06615361 
     1   0.00000180 
     2   0.03953085 
     3   0.00000052 
     4   0.03901409 
     5   0.00000013 
     6   0.06396294 
timestep 3.330000 
     0   0.06642329 
     1   0.00000038 
     2   0.03950349 
     3   0.00000009 
     4   0.03898798 
     5   0.00000144 
     6   0.06432849 
timestep 3.340000 
     0   0.06648757 
     1   0.00000006 
     2   0.03942461 
     3   0.00000139 
     4   0.03902472 
     5   0.00000301 
     6   0.06481639 
timestep 3.350000 
     0   0.06630849 
     1   0.00000101 
     2   0.03931810 
     3   0.00000296 
     4   0.03910298 
     5   0.00000357 
     6   0.06533315 
timestep 3.360000 
     0   0.06591980 
     1   0.00000209 
     2   0.03919759 
     3   0.00000319 
     4   0.03917701 
     5   0.00000261 
     6   0.06575687 
timestep 3.370000 
     0   0.06542759 
     1   0.00000209 
     2   0.03907815 
     3   0.00000190 
     4   0.03921217 
     5   0.00000090 
     6   0.06596795 
timestep 3.380000 
     0   0.06497406 
     1   0.00000109 
     2   0.03898706 
     3   0.00000043 
     4   0.03920582 
     5   0.00000001 
     6   0.06590824 
timestep 3.390000 
     0   0.06468488 
     1   0.00000018 
     2   0.03895440 
     3   0.00000002 
     4   0.03917713 
     5   0.00000041 
     6   0.06562576 
timestep 3.400000 
     0   0.06462580 
     1   0.00000004 
     2   0.03899060 
     3   0.00000049 
     4   0.03914514 
     5   0.00000097 
     6   0.06526111 
timestep 3.410000 
     0   0.06478130 
     1   0.00000035 
     2   0.03907410 
     3   0.00000076 
     4   0.03912082 
     5   0.00000073 
     6   0.06497867 
timestep 3.420000 
     0   0.06505935 
     1   0.00000044 
     2   0.03916182 
     3   0.00000041 
     4   0.03911059 
     5   0.00000015 
     6   0.06488592 
timestep 3.430000 
     0   0.06532627 
     1   0.00000019 
     2   0.03921332 
     3   0.00000003 
     4   0.03911596 
     5   0.00000002 
     6   0.06498442 
timestep 3.440000 
     0   0.06546711 
     1   0.00000001 
     2   0.03921163 
     3   0.00000005 
     4   0.03913010 
     5   0.00000018 
     6   0.06517653 
timestep 3.450000 
     0   0.06544415 
     1   0.00000004 
     2   0.03917013 
     3   0.00000014 
     4   0.03914165 
     5   0.00000015 
     6   0.06532929 
timestep 3.460000 
     0   0.06531327 
     1   0.00000008 
     2   0.03912251 
     3   0.00000007 
     4   0.03914382 
     5   0.00000002 
     6   0.06536122 
timestep 3.470000 
     0   0.06518083 
     1   0.00000002 
     2   0.03909986 
     3   0.00000000 
     4   0.03913861 
     5   0.00000001 
     6   0.06528997 
timestep 3.480000 
     0   0.06512900 
     1   0.00000000 
     2   0.03910979 
     3   0.00000002 
     4   0.03913295 
     5   0.00000003 
     6   0.06520172 
timestep 3.490000 
     0   0.06516451 
     1   0.00000001 
     2   0.03913445 
     3   0.00000002 
     4   0.03913182 
     5   0.00000001 
     6   0.06517027 
timestep 3.500000 
     0   0.06522933 
     1   0.00000001 
     2   0.03914937 
     3   0.00000000 
     4   0.03913449 
     5   0.00000000 
     6   0.06519947 
timestep 3.510000 
     0   0.06526109 
     1   0.00000000 
     2   0.03914556 
     3   0.00000000 
     4   0.03913679 
     5   0.00000001 
     6   0.06523851 
timestep 3.520000 
     0   0.06524659 
     1   0.00000000 
     2   0.03913385 
     3   0.00000000 
     4   0.03913638 
     5   0.00000000 
     6   0.06524571 
timestep 3.530000 
     0   0.06521933 
     1   0.00000000 
     2   0.03912901 
     3   0.00000000 
     4   0.03913474 
     5   0.00000000 
     6   0.06522770 
timestep 3.540000 
     0   0.06521214 
     1   0.00000000 
     2   0.03913323 
     3   0.00000000 
     4   0.03913432 
     5   0.00000000 
     6   0.06521604 
timestep 3.550000 
     0   0.06522327 
     1   0.00000000 
     2   0.03913769 
     3   0.00000000 
     4   0.03913522 
     5   0.00000000 
     6   0.06522182 
timestep 3.560000 
     0   0.06523097 
     1   0.00000000 
     2   0.03913678 
     3   0.00000000 
     4   0.03913575 
     5   0.00000000 
     6   0.06522942 
timestep 3.570000 
     0   0.06522726 
     1   0.00000000 
     2   0.03913417 
     3   0.00000000 
     4   0.03913529 
     5   0.00000000 
     6   0.06522736 
timestep 3.580000 
     0   0.06522281 
     1   0.00000000 
     2   0.03913438 
     3   0.00000000 
     4   0.03913487 
     5   0.00000000 
     6   0.06522313 
timestep 3.590000 
     0   0.06522454 
     1   0.00000000 
     2   0.03913580 
     3   0.00000000 
     4   0.03913515 
     5   0.00000000 
     6   0.06522456 
timestep 3.600000 
     0   0.06522673 
     1   0.00000000 
     2   0.03913553 
     3   0.00000000 
     4   0.03913542 
     5   0.00000000 
     6   0.06522679 
timestep 3.610000 
     0   0.06522539 
     1   0.00000000 
     2   0.03913477 
     3   0.00000000 
     4   0.03913521 
     5   0.00000000 
     6   0.06522533 
timestep 3.620000 
     0   0.06522454 
     1   0.00000000 
     2   0.03913519 
     3   0.00000000 
     4   0.03913505 
     5   0.00000000 
     6   0.06522442 
timestep 3.630000 
     0   0.06522571 
     1   0.00000000 
     2   0.03913548 
     3   0.00000000 
     4   0.03913525 
     5   0.00000000 
     6   0.06522582 
timestep 3.640000 
     0   0.06522566 
     1   0.00000000 
     2   0.03913504 
     3   0.00000000 
     4   0.03913531 
     5   0.00000000 
     6   0.06522572 
timestep 3.650000 
     0   0.06522487 
     1   0.00000000 
     2   0.03913512 
     3   0.00000000 
     4   0.03913511 
     5   0.00000000 
     6   0.06522472 
timestep 3.660000 
     0   0.06522547 
     1   0.00000000 
     2   0.03913540 
     3   0.00000000 
     4   0.03913516 
     5   0.00000000 
     6   0.06522551 
timestep 3.670000 
     0   0.06522562 
     1   0.00000000 
     2   0.03913509 
     3   0.00000000 
     4   0.03913532 
     5   0.00000000 
     6   0.06522573 
timestep 3.680000 
     0   0.06522496 
     1   0.00000000 
     2   0.03913515 
     3   0.00000000 
     4   0.03913516 
     5   0.00000000 
     6   0.06522484 
timestep 3.690000 
     0   0.06522548 
     1   0.00000000 
     2   0.03913539 
     3   0.00000000 
     4   0.03913512 
     5   0.00000000 
     6   0.06522549 
timestep 3.700000 
     0   0.06522556 
     1   0.00000000 
     2   0.03913505 
     3   0.00000000 
     4   0.03913534 
     5   0.00000000 
     6   0.06522567 
timestep 3.710000 
     0   0.06522494 
     1   0.00000000 
     2   0.03913521 
     3   0.00000000 
     4   0.03913515 
     5   0.00000000 
     6   0.06522480 
timestep 3.720000 
     0   0.06522563 
     1   0.00000000 
     2   0.03913538 
     3   0.00000000 
     4   0.03913510 
     5   0.00000000 
     6   0.06522567 
timestep 3.730000 
     0   0.06522540 
     1   0.00000000 
     2   0.03913495 
     3   0.00000000 
     4   0.03913540 
     5   0.00000000 
     6   0.06522551 
timestep 3.740000 
     0   0.06522490 
     1   0.00000000 
     2   0.03913538 
     3   0.00000000 
     4   0.03913506 
     5   0.00000000 
     6   0.06522472 
timestep 3.750000 
     0   0.06522594 
     1   0.00000000 
     2   0.03913526 
     3   0.00000000 
     4   0.03913515 
     5   0.00000000 
     6   0.06522607 
timestep 3.760000 
     0   0.06522494 
     1   0.00000000 
     2   0.03913487 
     3   0.00000000 
     4   0.03913551 
     5   0.00000000 
     6   0.06522498 
timestep 3.770000 
     0   0.06522522 
     1   0.00000000 
     2   0.03913572 
     3   0.00000000 
     4   0.03913478 
     5   0.00000000 
     6   0.06522498 
timestep 3.780000 
     0   0.06522612 
     1   0.00000000 
     2   0.03913476 
     3   0.00000000 
     4   0.03913549 
     5   0.00000000 
     6   0.06522647 
timestep 3.790000 
     0   0.06522407 
     1   0.00000000 
     2   0.03913527 
     3   0.00000000 
     4   0.03913534 
     5   0.00000000 
     6   0.06522383 
timestep 3.800000 
     0   0.06522662 
     1   0.00000000 
     2   0.03913575 
     3   0.00000000 
     4   0.03913447 
     5   0.00000000 
     6   0.06522655 
timestep 3.810000 
     0   0.06522474 
     1   0.00000000 
     2   0.03913399 
     3   0.00000000 
     4   0.03913647 
     5   0.00000000 
     6   0.06522526 
timestep 3.820000 
     0   0.06522459 
     1   0.00000000 
     2   0.03913687 
     3   0.00000000 
     4   0.03913381 
     5   0.00000000 
     6   0.06522367 
timestep 3.830000 
     0   0.06522788 
     1   0.00000000 
     2   0.03913362 
     3   0.00000000 
     4   0.03913602 
     5   0.00000000 
     6   0.06522892 
timestep 3.840000 
     0   0.06522108 
     1   0.00000000 
     2   0.03913591 
     3   0.00000000 
     4   0.03913584 
     5   0.00000000 
     6   0.06522043 
timestep 3.850000 
     0   0.06523064 
     1   0.00000000 
     2   0.03913626 
     3   0.00000000 
     4   0.03913232 
     5   0.00000000 
     6   0.06523027 
timestep 3.860000 
     0   0.06522038 
     1   0.00000000 
     2   0.03913163 
     3   0.00000000 
     4   0.03914074 
     5   0.00000000 
     6   0.06522234 
timestep 3.870000 
     0   0.06522804 
     1   0.00000000 
     2   0.03914163 
     3   0.00000000 
     4   0.03912737 
     5   0.00000000 
     6   0.06522423 
timestep 3.880000 
     0   0.06522711 
     1   0.00000000 
     2   0.03912629 
     3   0.00000000 
     4   0.03914399 
     5   0.00000000 
     6   0.06523252 
timestep 3.890000 
     0   0.06521697 
     1   0.00000000 
     2   0.03914536 
     3   0.00000000 
     4   0.03912795 
     5   0.00000000 
     6   0.06521091 
timestep 3.900000 
     0   0.06524207 
     1   0.00000000 
     2   0.03912594 
     3   0.00000000 
     4   0.03913748 
     5   0.00000000 
     6   0.06524702 
timestep 3.910000 
     0   0.06519920 
     1   0.00000000 
     2   0.03914087 
     3   0.00000000 
     4   0.03914184 
     5   0.00000001 
     6   0.06519777 
timestep 3.920000 
     0   0.06526120 
     1   0.00000000 
     2   0.03913578 
     3   0.00000001 
     4   0.03911614 
     5   0.00000001 
     6   0.06525639 
timestep 3.930000 
     0   0.06518021 
     1   0.00000000 
     2   0.03912672 
     3   0.00000001 
     4   0.03916867 
     5   0.00000002 
     6   0.06519374 
timestep 3.940000 
     0   0.06527873 
     1   0.00000000 
     2   0.03915130 
     3   0.00000001 
     4   0.03908824 
     5   0.00000002 
     6   0.06525499 
timestep 3.950000 
     0   0.06516536 
     1   0.00000001 
     2   0.03911434 
     3   0.00000002 
     4   0.03919126 
     5   0.00000002 
     6   0.06519897 
timestep 3.960000 
     0   0.06528961 
     1   0.00000002 
     2   0.03915571 
     3   0.00000002 
     4   0.03907792 
     5   0.00000002 
     6   0.06524871 
timestep 3.970000 
     0   0.06516016 
     1   0.00000002 
     2   0.03912097 
     3   0.00000002 
     4   0.03918465 
     5   0.00000001 
     6   0.06520343 
timestep 3.980000 
     0   0.06528743 
     1   0.00000001 
     2   0.03913893 
     3   0.00000002 
     4   0.03910077 
     5   0.00000001 
     6   0.06524779 
timestep 3.990000 
     0   0.06517014 
     1   0.00000000 
     2   0.03914240 
     3   0.00000001 
     4   0.03915302 
     5   0.00000000 
     6   0.06520081 
timestep 4.000000 
     0   0.06527227 
     1   0.00000000 
     2   0.03912071 
     3   0.00000001 
     4   0.03912917 
     5   0.00000000 
     6   0.06525282 
